3649
3152
2259
2674
3643
2353
3280
3627
3309
2714
2434
2414
2337
3122
3080
3064
3138
3279
2340
3306
3304
2673
2755
2343
2249
3350
3128
3612
2740
3503
3143
2681
3383
3393
2303
2262
3369
3640
3505
3281
2716
2713
2380
2653
3552
3112
3325
3114
3042
3066
3053
3560
2685
3140
3525
3290
3377
3287
2378
3132
2712
3494
2187
3506
3389
3490
2658
2373
2370
2665
3611
2273
3328
2750
2377
3364
3623
3147
2746
3315
2410
3554
2737
2717
2637
3391
3096
3512
2280
3077
3276
2305
2376
3327
3648
3496
2657
3301
3495
2381
3292
3106
2643
3144
3349
2711
3519
2667
3644
2287
2723
2175
2360
2413
3332
2294
2700
2738
3555
3087
2648
3048
3550
3386
2173
2647
2415
3373
3093
2733
2691
3565
3363
2192
3085
2757
3104
2758
3086
3520
3382
3083
3485
2692
3141
3322
3124
2290
3316
2427
2688
2403
3395
3091
3548
3522
2200
3530
2678
3125
3553
2307
2289
2425
3635
3278
3115
3561
3335
3625
3330
3620
3367
3297
3378
2189
3518
3540
3076
3354
3563
2632
2742
2266
2263
2264
3146
2190
2689
3069
3148
3384
2195
3071
3501
2710
3546
3390
3544
2419
3074
3061
3619
3372
2682
3047
3084
3038
2629
2342
3549
2285
3542
2408
2640
3342
2253
2193
2687
3043
2741
2368
3502
3311
3072
2363
2292
2728
2708
2258
3617
3039
3333
2188
3545
2300
2701
2390
3360
3517
3145
2411
3630
2281
3041
2679
3637
3538
3608
3365
2183
3154
2638
2671
3622
3487
2301
3289
2720
2690
3120
3344
2747
3532
3533
2269
3100
3313
3312
3108
3110
3558
3486
3355
2646
3498
2724
2406
2348
3348
2248
2680
2683
2736
2296
3616
2729
3357
3062
3305
3049
2650
3497
3127
3491
3343
2354
3340
3134
3556
3352
3541
3277
3633
3509
3361
2275
3524
2764
3609
3638
2745
3284
3613
2298
3351
3151
2732
3103
3632
3345
3531
2304
3098
3526
2634
2412
3310
3624
2254
2707
3291
2756
3646
2639
3385
2426
3117
3521
2719
3514
3051
3090
2355
2288
2645
3523
3308
3272
2184
2662
2352
2344
3539
3513
3285
2362
3088
2698
2270
3551
3040
2291
2655
3381
3307
2257
3116
3082
2718
2721
2675
3054
3628
2366
3529
3052
2424
3347
2267
3139
3547
3338
3067
2295
2642
3318
2356
2735
2693
3050
2686
3092
3626
3109
3543
2659
2374
2417
2660
3629
3059
2748
3339
3511
2382
2172
2431
3639
2754
2663
2185
2405
2668
2669
3119
3073
2664
2651
3068
2197
2191
3647
3562
3516
2250
3101
3353
3055
3065
3075
3621
2278
2251
2276
3615
3150
2644
2635
3329
2652
2630
3557
2336
3320
3331
3366
3296
2430
2422
2727
2743
3358
2429
3324
2174
3483
2706
3057
3046
2299
3094
2176
2726
3081
3118
3070
2268
3537
3058
2725
3300
3303
2199
3336
3504
3362
3317
2350
3371
2697
2404
3375
2335
2372
2752
2274
3515
2196
3097
2715
3130
3528
3610
3298